
bcenter_x=969.878684978
bcenter_y=2237.93277884
detect_dist=2462.69726489
detect_rotation=4.69729438873
detect_tilt=0.503226642865
wavelenght=0.97621599151

